20 20 0 1  
u
50.0000 50.0000 50.0000 50.0000 50.0000 50.0000 50.0000 50.0000 50.0000 50.0000 50.0000 50.0000 50.0000 50.0000 50.0000 50.0000 50.0000 50.0000 50.0000 50.0000 
l
0.0 0.0 0.0 0.0 0.0 0.0 0.0 0.0 0.0 0.0 0.0 0.0 0.0 0.0 0.0 0.0 0.0 0.0 0.0 0.0 
Q
389
0 0 44.0000
0 1 2.0000
0 2 8.0000
0 3 -67.0000
0 4 -2.0000
0 5 -66.0000
0 6 -52.0000
0 7 18.0000
0 8 28.0000
0 9 -49.0000
0 10 28.0000
0 11 43.0000
0 12 -90.0000
0 13 -14.0000
0 14 -92.0000
0 15 -59.0000
0 16 -87.0000
0 17 44.0000
0 18 -57.0000
0 19 20.0000
1 0 2.0000
1 1 23.0000
1 2 16.0000
1 3 -53.0000
1 4 -4.0000
1 6 6.0000
1 7 35.0000
1 8 -45.0000
1 9 18.0000
1 10 47.0000
1 11 -64.0000
1 12 12.0000
1 13 -1.0000
1 14 43.0000
1 15 44.0000
1 16 -54.0000
1 17 -74.0000
1 18 -58.0000
1 19 -87.0000
2 0 8.0000
2 1 16.0000
2 2 -96.0000
2 3 -8.0000
2 4 40.0000
2 5 47.0000
2 7 -24.0000
2 8 -96.0000
2 9 41.0000
2 10 -12.0000
2 11 48.0000
2 12 -67.0000
2 13 -42.0000
2 14 20.0000
2 15 49.0000
2 16 3.0000
2 17 -34.0000
2 19 -40.0000
3 0 -67.0000
3 1 -53.0000
3 2 -8.0000
3 3 -50.0000
3 4 -96.0000
3 5 -72.0000
3 6 -53.0000
3 7 -61.0000
3 8 39.0000
3 9 44.0000
3 10 -69.0000
3 11 32.0000
3 12 -61.0000
3 13 -43.0000
3 14 -77.0000
3 15 -49.0000
3 16 -40.0000
3 17 13.0000
3 18 -59.0000
3 19 -43.0000
4 0 -2.0000
4 1 -4.0000
4 2 40.0000
4 3 -96.0000
4 4 -36.0000
4 5 15.0000
4 6 -39.0000
4 7 -45.0000
4 8 -48.0000
4 9 -42.0000
4 10 -12.0000
4 11 9.0000
4 12 -72.0000
4 13 -14.0000
4 14 -38.0000
4 15 -6.0000
4 16 -65.0000
4 17 20.0000
4 18 42.0000
4 19 -62.0000
5 0 -66.0000
5 2 47.0000
5 3 -72.0000
5 4 15.0000
5 5 47.0000
5 6 -61.0000
5 7 -24.0000
5 8 36.0000
5 9 -68.0000
5 10 5.0000
5 11 17.0000
5 12 -29.0000
5 13 -89.0000
5 14 40.0000
5 15 21.0000
5 16 -29.0000
5 17 3.0000
5 18 -89.0000
5 19 27.0000
6 0 -52.0000
6 1 6.0000
6 3 -53.0000
6 4 -39.0000
6 5 -61.0000
6 6 -84.0000
6 7 25.0000
6 8 -63.0000
6 9 -30.0000
6 10 -73.0000
6 11 -5.0000
6 12 -93.0000
6 13 35.0000
6 14 22.0000
6 15 -8.0000
6 16 -54.0000
6 17 -35.0000
6 18 25.0000
6 19 -84.0000
7 0 18.0000
7 1 35.0000
7 2 -24.0000
7 3 -61.0000
7 4 -45.0000
7 5 -24.0000
7 6 25.0000
7 7 -43.0000
7 8 -87.0000
7 9 -87.0000
7 10 -5.0000
7 11 -12.0000
7 12 48.0000
7 13 25.0000
7 14 -58.0000
7 15 15.0000
7 16 -54.0000
7 17 -47.0000
7 18 4.0000
7 19 -84.0000
8 0 28.0000
8 1 -45.0000
8 2 -96.0000
8 3 39.0000
8 4 -48.0000
8 5 36.0000
8 6 -63.0000
8 7 -87.0000
8 8 23.0000
8 9 -43.0000
8 10 -74.0000
8 12 -27.0000
8 13 50.0000
8 14 36.0000
8 15 42.0000
8 16 -73.0000
8 17 -20.0000
8 18 48.0000
8 19 -89.0000
9 0 -49.0000
9 1 18.0000
9 2 41.0000
9 3 44.0000
9 4 -42.0000
9 5 -68.0000
9 6 -30.0000
9 7 -87.0000
9 8 -43.0000
9 9 -49.0000
9 10 -10.0000
9 11 -43.0000
9 12 14.0000
9 13 -35.0000
9 14 -27.0000
9 15 -80.0000
9 16 -23.0000
9 17 -15.0000
9 18 14.0000
9 19 -87.0000
10 0 28.0000
10 1 47.0000
10 2 -12.0000
10 3 -69.0000
10 4 -12.0000
10 5 5.0000
10 6 -73.0000
10 7 -5.0000
10 8 -74.0000
10 9 -10.0000
10 10 -17.0000
10 11 -10.0000
10 12 -45.0000
10 13 -53.0000
10 14 34.0000
10 15 7.0000
10 16 -99.0000
10 17 49.0000
10 18 -20.0000
10 19 -43.0000
11 0 43.0000
11 1 -64.0000
11 2 48.0000
11 3 32.0000
11 4 9.0000
11 5 17.0000
11 6 -5.0000
11 7 -12.0000
11 9 -43.0000
11 10 -10.0000
11 11 -75.0000
11 12 -72.0000
11 13 29.0000
11 14 -76.0000
11 15 -86.0000
11 16 20.0000
11 17 -50.0000
11 18 -7.0000
11 19 17.0000
12 0 -90.0000
12 1 12.0000
12 2 -67.0000
12 3 -61.0000
12 4 -72.0000
12 5 -29.0000
12 6 -93.0000
12 7 48.0000
12 8 -27.0000
12 9 14.0000
12 10 -45.0000
12 11 -72.0000
12 12 -39.0000
12 13 43.0000
12 14 -43.0000
12 15 16.0000
12 16 7.0000
12 17 20.0000
12 18 -62.0000
12 19 27.0000
13 0 -14.0000
13 1 -1.0000
13 2 -42.0000
13 3 -43.0000
13 4 -14.0000
13 5 -89.0000
13 6 35.0000
13 7 25.0000
13 8 50.0000
13 9 -35.0000
13 10 -53.0000
13 11 29.0000
13 12 43.0000
13 13 -54.0000
13 14 22.0000
13 15 -9.0000
13 16 -41.0000
13 17 -45.0000
13 18 -71.0000
13 19 13.0000
14 0 -92.0000
14 1 43.0000
14 2 20.0000
14 3 -77.0000
14 4 -38.0000
14 5 40.0000
14 6 22.0000
14 7 -58.0000
14 8 36.0000
14 9 -27.0000
14 10 34.0000
14 11 -76.0000
14 12 -43.0000
14 13 22.0000
14 15 -88.0000
14 16 -30.0000
14 18 -89.0000
14 19 49.0000
15 0 -59.0000
15 1 44.0000
15 2 49.0000
15 3 -49.0000
15 4 -6.0000
15 5 21.0000
15 6 -8.0000
15 7 15.0000
15 8 42.0000
15 9 -80.0000
15 10 7.0000
15 11 -86.0000
15 12 16.0000
15 13 -9.0000
15 14 -88.0000
15 15 -93.0000
15 16 -65.0000
15 17 -73.0000
15 18 35.0000
15 19 -41.0000
16 0 -87.0000
16 1 -54.0000
16 2 3.0000
16 3 -40.0000
16 4 -65.0000
16 5 -29.0000
16 6 -54.0000
16 7 -54.0000
16 8 -73.0000
16 9 -23.0000
16 10 -99.0000
16 11 20.0000
16 12 7.0000
16 13 -41.0000
16 14 -30.0000
16 15 -65.0000
16 16 -60.0000
16 17 5.0000
16 18 8.0000
16 19 32.0000
17 0 44.0000
17 1 -74.0000
17 2 -34.0000
17 3 13.0000
17 4 20.0000
17 5 3.0000
17 6 -35.0000
17 7 -47.0000
17 8 -20.0000
17 9 -15.0000
17 10 49.0000
17 11 -50.0000
17 12 20.0000
17 13 -45.0000
17 15 -73.0000
17 16 5.0000
17 17 -27.0000
17 18 -82.0000
17 19 24.0000
18 0 -57.0000
18 1 -58.0000
18 3 -59.0000
18 4 42.0000
18 5 -89.0000
18 6 25.0000
18 7 4.0000
18 8 48.0000
18 9 14.0000
18 10 -20.0000
18 11 -7.0000
18 12 -62.0000
18 13 -71.0000
18 14 -89.0000
18 15 35.0000
18 16 8.0000
18 17 -82.0000
18 18 28.0000
18 19 34.0000
19 0 20.0000
19 1 -87.0000
19 2 -40.0000
19 3 -43.0000
19 4 -62.0000
19 5 27.0000
19 6 -84.0000
19 7 -84.0000
19 8 -89.0000
19 9 -87.0000
19 10 -43.0000
19 11 17.0000
19 12 27.0000
19 13 13.0000
19 14 49.0000
19 15 -41.0000
19 16 32.0000
19 17 24.0000
19 18 34.0000
19 19 -19.0000
c
20
0 -2.0000
1 -78.0000
2 -42.0000
3 43.0000
4 44.0000
5 47.0000
6 -48.0000
7 -52.0000
8 -74.0000
9 -86.0000
10 47.0000
11 -62.0000
12 -16.0000
13 -2.0000
14 -52.0000
15 -18.0000
16 4.0000
17 -18.0000
18 7.0000
19 -10.0000
D
20
0 0 93.0000
0 1 98.0000
0 2 29.0000
0 3 65.0000
0 4 85.0000
0 5 77.0000
0 6 77.0000
0 7 68.0000
0 8 62.0000
0 9 66.0000
0 10 21.0000
0 11 27.0000
0 12 80.0000
0 13 59.0000
0 14 22.0000
0 15 76.0000
0 16 57.0000
0 17 56.0000
0 18 7.0000
0 19 74.0000
e
1
0 23980.0000
