30 30 0 1  
u
50.0000 50.0000 50.0000 50.0000 50.0000 50.0000 50.0000 50.0000 50.0000 50.0000 50.0000 50.0000 50.0000 50.0000 50.0000 50.0000 50.0000 50.0000 50.0000 50.0000 50.0000 50.0000 50.0000 50.0000 50.0000 50.0000 50.0000 50.0000 50.0000 50.0000 
l
0.0 0.0 0.0 0.0 0.0 0.0 0.0 0.0 0.0 0.0 0.0 0.0 0.0 0.0 0.0 0.0 0.0 0.0 0.0 0.0 0.0 0.0 0.0 0.0 0.0 0.0 0.0 0.0 0.0 0.0 
Q
879
0 0 26.0000
0 1 33.0000
0 2 -31.0000
0 3 -18.0000
0 4 -14.0000
0 5 -8.0000
0 6 24.0000
0 8 -12.0000
0 9 -73.0000
0 10 -33.0000
0 11 -83.0000
0 13 -56.0000
0 14 30.0000
0 15 -13.0000
0 16 19.0000
0 17 -26.0000
0 18 -38.0000
0 19 37.0000
0 20 -2.0000
0 21 -29.0000
0 22 -61.0000
0 23 35.0000
0 24 -73.0000
0 25 -7.0000
0 26 -27.0000
0 27 -69.0000
0 28 -84.0000
0 29 35.0000
1 0 33.0000
1 1 31.0000
1 2 41.0000
1 3 18.0000
1 4 -51.0000
1 5 -27.0000
1 6 -47.0000
1 7 39.0000
1 8 -54.0000
1 9 -98.0000
1 10 -24.0000
1 11 -27.0000
1 12 -32.0000
1 13 -7.0000
1 14 -78.0000
1 15 11.0000
1 16 -28.0000
1 17 7.0000
1 18 -19.0000
1 19 45.0000
1 20 -81.0000
1 21 -33.0000
1 22 -7.0000
1 23 -10.0000
1 24 5.0000
1 25 -23.0000
1 26 15.0000
1 27 -53.0000
1 28 48.0000
1 29 45.0000
2 0 -31.0000
2 1 41.0000
2 2 -37.0000
2 3 33.0000
2 4 26.0000
2 5 -47.0000
2 6 1.0000
2 7 -76.0000
2 8 24.0000
2 9 -97.0000
2 10 -87.0000
2 11 -81.0000
2 12 -95.0000
2 13 -11.0000
2 14 -8.0000
2 15 -28.0000
2 16 -70.0000
2 17 12.0000
2 18 -67.0000
2 19 1.0000
2 20 -30.0000
2 21 12.0000
2 22 -3.0000
2 23 -12.0000
2 24 -71.0000
2 25 -62.0000
2 26 -73.0000
2 27 33.0000
2 28 14.0000
2 29 41.0000
3 0 -18.0000
3 1 18.0000
3 2 33.0000
3 3 -70.0000
3 4 12.0000
3 5 36.0000
3 6 -8.0000
3 7 -4.0000
3 8 11.0000
3 9 43.0000
3 10 -54.0000
3 11 35.0000
3 12 17.0000
3 13 -52.0000
3 14 48.0000
3 15 36.0000
3 16 -47.0000
3 17 -14.0000
3 18 -23.0000
3 19 23.0000
3 20 15.0000
3 21 -61.0000
3 22 -95.0000
3 23 -33.0000
3 24 7.0000
3 25 17.0000
3 26 -88.0000
3 27 -55.0000
3 28 45.0000
3 29 -50.0000
4 0 -14.0000
4 1 -51.0000
4 2 26.0000
4 3 12.0000
4 4 -29.0000
4 5 27.0000
4 6 -86.0000
4 7 -38.0000
4 8 -94.0000
4 9 25.0000
4 10 -52.0000
4 11 -3.0000
4 12 -30.0000
4 13 -92.0000
4 14 -10.0000
4 15 15.0000
4 16 43.0000
4 17 -43.0000
4 18 -87.0000
4 19 40.0000
4 20 -58.0000
4 21 -35.0000
4 22 -24.0000
4 23 17.0000
4 24 -62.0000
4 25 -59.0000
4 26 -95.0000
4 27 -58.0000
4 28 6.0000
4 29 12.0000
5 0 -8.0000
5 1 -27.0000
5 2 -47.0000
5 3 36.0000
5 4 27.0000
5 5 -91.0000
5 6 18.0000
5 7 -93.0000
5 8 -97.0000
5 9 -83.0000
5 10 -22.0000
5 11 30.0000
5 12 -70.0000
5 13 38.0000
5 14 35.0000
5 15 -95.0000
5 16 -65.0000
5 17 -18.0000
5 18 -25.0000
5 19 -57.0000
5 20 -79.0000
5 21 -61.0000
5 22 -64.0000
5 23 -23.0000
5 24 -49.0000
5 25 -74.0000
5 26 18.0000
5 27 15.0000
5 29 -14.0000
6 0 24.0000
6 1 -47.0000
6 2 1.0000
6 3 -8.0000
6 4 -86.0000
6 5 18.0000
6 6 -98.0000
6 7 40.0000
6 8 -9.0000
6 9 -56.0000
6 10 -3.0000
6 11 -48.0000
6 12 -48.0000
6 13 -36.0000
6 14 -41.0000
6 15 -46.0000
6 16 -19.0000
6 17 35.0000
6 18 -67.0000
6 19 9.0000
6 20 23.0000
6 21 -82.0000
6 22 14.0000
6 23 -92.0000
6 25 -62.0000
6 26 -50.0000
6 27 19.0000
6 28 -23.0000
6 29 -14.0000
7 1 39.0000
7 2 -76.0000
7 3 -4.0000
7 4 -38.0000
7 5 -93.0000
7 6 40.0000
7 7 -54.0000
7 8 27.0000
7 9 10.0000
7 10 -87.0000
7 11 -8.0000
7 12 -39.0000
7 13 -2.0000
7 14 -7.0000
7 15 -49.0000
7 16 -63.0000
7 17 35.0000
7 18 46.0000
7 19 -11.0000
7 20 -64.0000
7 21 -40.0000
7 22 46.0000
7 23 -10.0000
7 24 39.0000
7 25 30.0000
7 26 21.0000
7 27 -1.0000
7 28 2.0000
7 29 39.0000
8 0 -12.0000
8 1 -54.0000
8 2 24.0000
8 3 11.0000
8 4 -94.0000
8 5 -97.0000
8 6 -9.0000
8 7 27.0000
8 8 -38.0000
8 9 10.0000
8 10 -12.0000
8 12 -90.0000
8 13 -43.0000
8 14 -74.0000
8 15 -5.0000
8 16 1.0000
8 17 -97.0000
8 18 -45.0000
8 19 13.0000
8 20 -6.0000
8 21 14.0000
8 22 -39.0000
8 23 -64.0000
8 24 -85.0000
8 25 -3.0000
8 26 -80.0000
8 27 -89.0000
8 28 -65.0000
8 29 -44.0000
9 0 -73.0000
9 1 -98.0000
9 2 -97.0000
9 3 43.0000
9 4 25.0000
9 5 -83.0000
9 6 -56.0000
9 7 10.0000
9 8 10.0000
9 9 -30.0000
9 10 -70.0000
9 11 45.0000
9 12 -42.0000
9 13 -90.0000
9 14 15.0000
9 15 -94.0000
9 16 12.0000
9 17 4.0000
9 18 -33.0000
9 19 -28.0000
9 20 -59.0000
9 21 -84.0000
9 22 -19.0000
9 23 -3.0000
9 24 -58.0000
9 25 -76.0000
9 26 -52.0000
9 27 -56.0000
9 28 -22.0000
9 29 -90.0000
10 0 -33.0000
10 1 -24.0000
10 2 -87.0000
10 3 -54.0000
10 4 -52.0000
10 5 -22.0000
10 6 -3.0000
10 7 -87.0000
10 8 -12.0000
10 9 -70.0000
10 10 36.0000
10 11 -58.0000
10 12 -29.0000
10 13 -79.0000
10 14 -43.0000
10 15 -84.0000
10 16 -59.0000
10 17 -33.0000
10 18 -50.0000
10 19 -3.0000
10 20 35.0000
10 21 -20.0000
10 22 -9.0000
10 23 -57.0000
10 24 -11.0000
10 25 -44.0000
10 26 -51.0000
10 27 -50.0000
10 28 -91.0000
10 29 15.0000
11 0 -83.0000
11 1 -27.0000
11 2 -81.0000
11 3 35.0000
11 4 -3.0000
11 5 30.0000
11 6 -48.0000
11 7 -8.0000
11 9 45.0000
11 10 -58.0000
11 11 21.0000
11 12 -50.0000
11 13 30.0000
11 14 -49.0000
11 15 46.0000
11 16 -79.0000
11 17 -25.0000
11 18 -57.0000
11 19 -36.0000
11 20 -98.0000
11 21 -48.0000
11 22 -50.0000
11 23 -57.0000
11 24 22.0000
11 25 -29.0000
11 26 -1.0000
11 27 37.0000
11 28 11.0000
11 29 -85.0000
12 1 -32.0000
12 2 -95.0000
12 3 17.0000
12 4 -30.0000
12 5 -70.0000
12 6 -48.0000
12 7 -39.0000
12 8 -90.0000
12 9 -42.0000
12 10 -29.0000
12 11 -50.0000
12 12 -63.0000
12 13 -43.0000
12 14 50.0000
12 15 16.0000
12 16 47.0000
12 17 -58.0000
12 18 -45.0000
12 19 -48.0000
12 20 -10.0000
12 21 3.0000
12 22 -39.0000
12 23 -45.0000
12 24 -25.0000
12 25 10.0000
12 26 -66.0000
12 27 24.0000
12 28 5.0000
12 29 -45.0000
13 0 -56.0000
13 1 -7.0000
13 2 -11.0000
13 3 -52.0000
13 4 -92.0000
13 5 38.0000
13 6 -36.0000
13 7 -2.0000
13 8 -43.0000
13 9 -90.0000
13 10 -79.0000
13 11 30.0000
13 12 -43.0000
13 13 -52.0000
13 14 47.0000
13 15 18.0000
13 16 -51.0000
13 17 -51.0000
13 18 -83.0000
13 19 -8.0000
13 20 -80.0000
13 21 -12.0000
13 22 -60.0000
13 23 -93.0000
13 24 -52.0000
13 25 -46.0000
13 26 -56.0000
13 27 4.0000
13 28 -47.0000
13 29 -91.0000
14 0 30.0000
14 1 -78.0000
14 2 -8.0000
14 3 48.0000
14 4 -10.0000
14 5 35.0000
14 6 -41.0000
14 7 -7.0000
14 8 -74.0000
14 9 15.0000
14 10 -43.0000
14 11 -49.0000
14 12 50.0000
14 13 47.0000
14 15 -5.0000
14 16 -37.0000
14 17 -98.0000
14 18 -66.0000
14 19 -84.0000
14 20 -37.0000
14 21 -12.0000
14 22 -10.0000
14 23 -78.0000
14 24 21.0000
14 25 -36.0000
14 26 26.0000
14 27 -75.0000
14 28 10.0000
14 29 22.0000
15 0 -13.0000
15 1 11.0000
15 2 -28.0000
15 3 36.0000
15 4 15.0000
15 5 -95.0000
15 6 -46.0000
15 7 -49.0000
15 8 -5.0000
15 9 -94.0000
15 10 -84.0000
15 11 46.0000
15 12 16.0000
15 13 18.0000
15 14 -5.0000
15 15 42.0000
15 16 -91.0000
15 17 -79.0000
15 18 -91.0000
15 20 -59.0000
15 21 -3.0000
15 22 39.0000
15 23 -53.0000
15 24 43.0000
15 25 -58.0000
15 26 -10.0000
15 27 -2.0000
15 28 -5.0000
15 29 -1.0000
16 0 19.0000
16 1 -28.0000
16 2 -70.0000
16 3 -47.0000
16 4 43.0000
16 5 -65.0000
16 6 -19.0000
16 7 -63.0000
16 8 1.0000
16 9 12.0000
16 10 -59.0000
16 11 -79.0000
16 12 47.0000
16 13 -51.0000
16 14 -37.0000
16 15 -91.0000
16 16 -52.0000
16 17 -62.0000
16 18 -89.0000
16 19 -51.0000
16 20 -28.0000
16 21 -73.0000
16 22 11.0000
16 23 -92.0000
16 24 15.0000
16 25 32.0000
16 26 28.0000
16 27 -71.0000
16 28 7.0000
16 29 -97.0000
17 0 -26.0000
17 1 7.0000
17 2 12.0000
17 3 -14.0000
17 4 -43.0000
17 5 -18.0000
17 6 35.0000
17 7 35.0000
17 8 -97.0000
17 9 4.0000
17 10 -33.0000
17 11 -25.0000
17 12 -58.0000
17 13 -51.0000
17 14 -98.0000
17 15 -79.0000
17 16 -62.0000
17 17 38.0000
17 18 -20.0000
17 19 45.0000
17 20 47.0000
17 22 -96.0000
17 23 -3.0000
17 24 40.0000
17 26 -15.0000
17 27 -64.0000
17 28 -7.0000
17 29 26.0000
18 0 -38.0000
18 1 -19.0000
18 2 -67.0000
18 3 -23.0000
18 4 -87.0000
18 5 -25.0000
18 6 -67.0000
18 7 46.0000
18 8 -45.0000
18 9 -33.0000
18 10 -50.0000
18 11 -57.0000
18 12 -45.0000
18 13 -83.0000
18 14 -66.0000
18 15 -91.0000
18 16 -89.0000
18 17 -20.0000
18 18 25.0000
18 19 -61.0000
18 20 -30.0000
18 21 -26.0000
18 22 -14.0000
18 23 7.0000
18 24 -16.0000
18 25 34.0000
18 26 -72.0000
18 27 9.0000
18 28 -5.0000
18 29 -64.0000
19 0 37.0000
19 1 45.0000
19 2 1.0000
19 3 23.0000
19 4 40.0000
19 5 -57.0000
19 6 9.0000
19 7 -11.0000
19 8 13.0000
19 9 -28.0000
19 10 -3.0000
19 11 -36.0000
19 12 -48.0000
19 13 -8.0000
19 14 -84.0000
19 16 -51.0000
19 17 45.0000
19 18 -61.0000
19 19 -25.0000
19 20 -24.0000
19 21 -86.0000
19 22 2.0000
19 23 -67.0000
19 24 -84.0000
19 25 -9.0000
19 26 12.0000
19 27 -89.0000
19 28 -12.0000
19 29 -38.0000
20 0 -2.0000
20 1 -81.0000
20 2 -30.0000
20 3 15.0000
20 4 -58.0000
20 5 -79.0000
20 6 23.0000
20 7 -64.0000
20 8 -6.0000
20 9 -59.0000
20 10 35.0000
20 11 -98.0000
20 12 -10.0000
20 13 -80.0000
20 14 -37.0000
20 15 -59.0000
20 16 -28.0000
20 17 47.0000
20 18 -30.0000
20 19 -24.0000
20 20 -86.0000
20 21 -67.0000
20 22 -49.0000
20 23 12.0000
20 24 17.0000
20 25 -14.0000
20 26 -46.0000
20 27 -6.0000
20 28 -39.0000
20 29 -7.0000
21 0 -29.0000
21 1 -33.0000
21 2 12.0000
21 3 -61.0000
21 4 -35.0000
21 5 -61.0000
21 6 -82.0000
21 7 -40.0000
21 8 14.0000
21 9 -84.0000
21 10 -20.0000
21 11 -48.0000
21 12 3.0000
21 13 -12.0000
21 14 -12.0000
21 15 -3.0000
21 16 -73.0000
21 18 -26.0000
21 19 -86.0000
21 20 -67.0000
21 21 -87.0000
21 22 33.0000
21 23 -73.0000
21 24 19.0000
21 25 -33.0000
21 26 -89.0000
21 27 47.0000
21 28 -74.0000
21 29 5.0000
22 0 -61.0000
22 1 -7.0000
22 2 -3.0000
22 3 -95.0000
22 4 -24.0000
22 5 -64.0000
22 6 14.0000
22 7 46.0000
22 8 -39.0000
22 9 -19.0000
22 10 -9.0000
22 11 -50.0000
22 12 -39.0000
22 13 -60.0000
22 14 -10.0000
22 15 39.0000
22 16 11.0000
22 17 -96.0000
22 18 -14.0000
22 19 2.0000
22 20 -49.0000
22 21 33.0000
22 22 -67.0000
22 24 -70.0000
22 25 -54.0000
22 26 -47.0000
22 27 -37.0000
22 28 -38.0000
22 29 43.0000
23 0 35.0000
23 1 -10.0000
23 2 -12.0000
23 3 -33.0000
23 4 17.0000
23 5 -23.0000
23 6 -92.0000
23 7 -10.0000
23 8 -64.0000
23 9 -3.0000
23 10 -57.0000
23 11 -57.0000
23 12 -45.0000
23 13 -93.0000
23 14 -78.0000
23 15 -53.0000
23 16 -92.0000
23 17 -3.0000
23 18 7.0000
23 19 -67.0000
23 20 12.0000
23 21 -73.0000
23 23 -76.0000
23 24 -28.0000
23 25 -20.0000
23 26 -15.0000
23 27 -15.0000
23 28 12.0000
23 29 34.0000
24 0 -73.0000
24 1 5.0000
24 2 -71.0000
24 3 7.0000
24 4 -62.0000
24 5 -49.0000
24 7 39.0000
24 8 -85.0000
24 9 -58.0000
24 10 -11.0000
24 11 22.0000
24 12 -25.0000
24 13 -52.0000
24 14 21.0000
24 15 43.0000
24 16 15.0000
24 17 40.0000
24 18 -16.0000
24 19 -84.0000
24 20 17.0000
24 21 19.0000
24 22 -70.0000
24 23 -28.0000
24 24 -54.0000
24 25 -20.0000
24 26 -30.0000
24 28 -78.0000
24 29 30.0000
25 0 -7.0000
25 1 -23.0000
25 2 -62.0000
25 3 17.0000
25 4 -59.0000
25 5 -74.0000
25 6 -62.0000
25 7 30.0000
25 8 -3.0000
25 9 -76.0000
25 10 -44.0000
25 11 -29.0000
25 12 10.0000
25 13 -46.0000
25 14 -36.0000
25 15 -58.0000
25 16 32.0000
25 18 34.0000
25 19 -9.0000
25 20 -14.0000
25 21 -33.0000
25 22 -54.0000
25 23 -20.0000
25 24 -20.0000
25 25 -59.0000
25 26 -66.0000
25 27 12.0000
25 28 -32.0000
25 29 -97.0000
26 0 -27.0000
26 1 15.0000
26 2 -73.0000
26 3 -88.0000
26 4 -95.0000
26 5 18.0000
26 6 -50.0000
26 7 21.0000
26 8 -80.0000
26 9 -52.0000
26 10 -51.0000
26 11 -1.0000
26 12 -66.0000
26 13 -56.0000
26 14 26.0000
26 15 -10.0000
26 16 28.0000
26 17 -15.0000
26 18 -72.0000
26 19 12.0000
26 20 -46.0000
26 21 -89.0000
26 22 -47.0000
26 23 -15.0000
26 24 -30.0000
26 25 -66.0000
26 26 -71.0000
26 27 -22.0000
26 28 49.0000
26 29 -46.0000
27 0 -69.0000
27 1 -53.0000
27 2 33.0000
27 3 -55.0000
27 4 -58.0000
27 5 15.0000
27 6 19.0000
27 7 -1.0000
27 8 -89.0000
27 9 -56.0000
27 10 -50.0000
27 11 37.0000
27 12 24.0000
27 13 4.0000
27 14 -75.0000
27 15 -2.0000
27 16 -71.0000
27 17 -64.0000
27 18 9.0000
27 19 -89.0000
27 20 -6.0000
27 21 47.0000
27 22 -37.0000
27 23 -15.0000
27 25 12.0000
27 26 -22.0000
27 27 -68.0000
27 28 -69.0000
27 29 -96.0000
28 0 -84.0000
28 1 48.0000
28 2 14.0000
28 3 45.0000
28 4 6.0000
28 6 -23.0000
28 7 2.0000
28 8 -65.0000
28 9 -22.0000
28 10 -91.0000
28 11 11.0000
28 12 5.0000
28 13 -47.0000
28 14 10.0000
28 15 -5.0000
28 16 7.0000
28 17 -7.0000
28 18 -5.0000
28 19 -12.0000
28 20 -39.0000
28 21 -74.0000
28 22 -38.0000
28 23 12.0000
28 24 -78.0000
28 25 -32.0000
28 26 49.0000
28 27 -69.0000
28 28 -38.0000
28 29 -23.0000
29 0 35.0000
29 1 45.0000
29 2 41.0000
29 3 -50.0000
29 4 12.0000
29 5 -14.0000
29 6 -14.0000
29 7 39.0000
29 8 -44.0000
29 9 -90.0000
29 10 15.0000
29 11 -85.0000
29 12 -45.0000
29 13 -91.0000
29 14 22.0000
29 15 -1.0000
29 16 -97.0000
29 17 26.0000
29 18 -64.0000
29 19 -38.0000
29 20 -7.0000
29 21 5.0000
29 22 43.0000
29 23 34.0000
29 24 30.0000
29 25 -97.0000
29 26 -46.0000
29 27 -96.0000
29 28 -23.0000
29 29 -44.0000
c
30
0 24.0000
1 37.0000
2 -52.0000
3 47.0000
4 -42.0000
5 27.0000
6 -18.0000
7 42.0000
8 -11.0000
9 -35.0000
10 -62.0000
11 -82.0000
12 34.0000
13 36.0000
14 -61.0000
15 13.0000
16 -74.0000
17 -28.0000
18 -24.0000
19 -6.0000
20 -25.0000
21 3.0000
22 -79.0000
23 -26.0000
24 -93.0000
25 -47.0000
26 4.0000
27 -90.0000
28 14.0000
29 -70.0000
D
30
0 0 44.0000
0 1 58.0000
0 2 11.0000
0 3 75.0000
0 4 56.0000
0 5 49.0000
0 6 60.0000
0 7 10.0000
0 8 44.0000
0 9 19.0000
0 10 53.0000
0 11 68.0000
0 12 30.0000
0 13 42.0000
0 14 58.0000
0 15 55.0000
0 16 17.0000
0 17 76.0000
0 18 3.0000
0 19 67.0000
0 20 38.0000
0 21 52.0000
0 22 35.0000
0 23 51.0000
0 24 1.0000
0 25 40.0000
0 26 86.0000
0 27 70.0000
0 28 46.0000
0 29 61.0000
e
1
0 27500.0000
