40 40 0 1  
u
70.0000 70.0000 70.0000 70.0000 70.0000 70.0000 70.0000 70.0000 70.0000 70.0000 70.0000 70.0000 70.0000 70.0000 70.0000 70.0000 70.0000 70.0000 70.0000 70.0000 70.0000 70.0000 70.0000 70.0000 70.0000 70.0000 70.0000 70.0000 70.0000 70.0000 70.0000 70.0000 70.0000 70.0000 70.0000 70.0000 70.0000 70.0000 70.0000 70.0000 
l
0.0 0.0 0.0 0.0 0.0 0.0 0.0 0.0 0.0 0.0 0.0 0.0 0.0 0.0 0.0 0.0 0.0 0.0 0.0 0.0 0.0 0.0 0.0 0.0 0.0 0.0 0.0 0.0 0.0 0.0 0.0 0.0 0.0 0.0 0.0 0.0 0.0 0.0 0.0 0.0 
Q
1588
0 0 -64.0000
0 1 57.0000
0 2 23.0000
0 3 -13.0000
0 5 -61.0000
0 6 -52.0000
0 7 -67.0000
0 8 -5.0000
0 9 -18.0000
0 10 61.0000
0 11 -14.0000
0 12 -57.0000
0 13 7.0000
0 14 -63.0000
0 15 4.0000
0 16 68.0000
0 17 40.0000
0 18 54.0000
0 19 42.0000
0 20 -58.0000
0 21 12.0000
0 22 -47.0000
0 23 9.0000
0 24 -88.0000
0 25 -56.0000
0 26 52.0000
0 27 -47.0000
0 28 40.0000
0 29 17.0000
0 30 47.0000
0 31 -94.0000
0 32 4.0000
0 34 -8.0000
0 35 -67.0000
0 36 38.0000
0 37 39.0000
0 38 -35.0000
0 39 -37.0000
1 0 57.0000
1 1 -50.0000
1 2 -44.0000
1 3 47.0000
1 4 -8.0000
1 5 62.0000
1 6 -86.0000
1 7 -74.0000
1 8 60.0000
1 9 53.0000
1 10 -90.0000
1 11 32.0000
1 12 -75.0000
1 13 21.0000
1 14 -86.0000
1 15 33.0000
1 16 33.0000
1 17 -43.0000
1 18 15.0000
1 19 -84.0000
1 20 -73.0000
1 21 -38.0000
1 22 63.0000
1 23 -68.0000
1 24 66.0000
1 25 -7.0000
1 26 23.0000
1 27 -72.0000
1 28 -39.0000
1 29 -8.0000
1 30 -7.0000
1 31 22.0000
1 32 41.0000
1 33 48.0000
1 34 -1.0000
1 35 -37.0000
1 36 39.0000
1 37 12.0000
1 38 -11.0000
1 39 28.0000
2 0 23.0000
2 1 -44.0000
2 2 -4.0000
2 3 -1.0000
2 4 -9.0000
2 5 19.0000
2 6 -50.0000
2 7 3.0000
2 8 -17.0000
2 9 -88.0000
2 10 60.0000
2 11 -73.0000
2 12 -73.0000
2 13 -83.0000
2 14 -11.0000
2 15 -80.0000
2 16 -51.0000
2 17 -16.0000
2 18 11.0000
2 19 -99.0000
2 20 10.0000
2 21 -99.0000
2 22 -7.0000
2 23 -67.0000
2 24 23.0000
2 25 -36.0000
2 26 -90.0000
2 27 -48.0000
2 28 26.0000
2 29 49.0000
2 30 63.0000
2 31 -56.0000
2 32 7.0000
2 33 -12.0000
2 34 42.0000
2 35 -73.0000
2 36 -64.0000
2 37 -79.0000
2 38 29.0000
2 39 18.0000
3 0 -13.0000
3 1 47.0000
3 2 -1.0000
3 3 -68.0000
3 4 19.0000
3 5 44.0000
3 6 -41.0000
3 7 35.0000
3 8 -38.0000
3 9 -22.0000
3 10 -87.0000
3 11 44.0000
3 12 -81.0000
3 13 -86.0000
3 14 -15.0000
3 15 -80.0000
3 16 6.0000
3 17 17.0000
3 18 42.0000
3 19 69.0000
3 20 26.0000
3 21 -77.0000
3 22 24.0000
3 23 4.0000
3 24 -84.0000
3 25 68.0000
3 26 -59.0000
3 27 2.0000
3 28 39.0000
3 29 -33.0000
3 30 38.0000
3 31 59.0000
3 32 -74.0000
3 33 -14.0000
3 34 -79.0000
3 35 44.0000
3 36 -40.0000
3 37 -20.0000
3 38 9.0000
3 39 20.0000
4 1 -8.0000
4 2 -9.0000
4 3 19.0000
4 4 57.0000
4 5 22.0000
4 6 -5.0000
4 7 -94.0000
4 8 35.0000
4 9 -91.0000
4 10 -75.0000
4 11 -29.0000
4 12 25.0000
4 13 67.0000
4 14 -31.0000
4 15 -18.0000
4 16 -80.0000
4 17 -77.0000
4 18 -84.0000
4 19 -65.0000
4 20 -79.0000
4 21 -44.0000
4 22 37.0000
4 23 59.0000
4 24 22.0000
4 25 5.0000
4 26 48.0000
4 27 48.0000
4 28 -79.0000
4 29 69.0000
4 30 22.0000
4 31 -20.0000
4 32 -21.0000
4 33 -39.0000
4 34 -70.0000
4 35 -35.0000
4 36 -88.0000
4 37 24.0000
4 38 -30.0000
4 39 47.0000
5 0 -61.0000
5 1 62.0000
5 2 19.0000
5 3 44.0000
5 4 22.0000
5 5 32.0000
5 6 -5.0000
5 7 -53.0000
5 8 -12.0000
5 9 -9.0000
5 10 15.0000
5 11 68.0000
5 12 10.0000
5 13 38.0000
5 14 -87.0000
5 15 44.0000
5 16 58.0000
5 17 -31.0000
5 18 11.0000
5 19 46.0000
5 20 -80.0000
5 21 -54.0000
5 22 24.0000
5 23 68.0000
5 24 -33.0000
5 25 22.0000
5 26 19.0000
5 27 45.0000
5 28 -70.0000
5 29 -90.0000
5 30 -95.0000
5 31 -5.0000
5 32 -78.0000
5 33 28.0000
5 34 64.0000
5 35 68.0000
5 36 -10.0000
5 37 -12.0000
5 38 -56.0000
5 39 -93.0000
6 0 -52.0000
6 1 -86.0000
6 2 -50.0000
6 3 -41.0000
6 4 -5.0000
6 5 -5.0000
6 6 -92.0000
6 7 59.0000
6 8 -96.0000
6 9 17.0000
6 10 26.0000
6 11 -84.0000
6 12 -8.0000
6 13 13.0000
6 14 -15.0000
6 15 -68.0000
6 16 -10.0000
6 17 4.0000
6 18 -22.0000
6 19 -56.0000
6 20 1.0000
6 21 43.0000
6 22 65.0000
6 23 -50.0000
6 24 18.0000
6 25 -75.0000
6 26 -40.0000
6 27 22.0000
6 28 19.0000
6 29 -19.0000
6 30 -19.0000
6 31 12.0000
6 32 -22.0000
6 33 70.0000
6 34 -70.0000
6 35 21.0000
6 36 -94.0000
6 37 -63.0000
6 38 9.0000
6 39 -91.0000
7 0 -67.0000
7 1 -74.0000
7 2 3.0000
7 3 35.0000
7 4 -94.0000
7 5 -53.0000
7 6 59.0000
7 7 54.0000
7 8 -34.0000
7 9 -75.0000
7 10 -25.0000
7 11 -91.0000
7 12 8.0000
7 13 6.0000
7 14 -2.0000
7 15 -58.0000
7 16 -87.0000
7 17 40.0000
7 18 43.0000
7 19 56.0000
7 20 35.0000
7 21 -77.0000
7 22 3.0000
7 23 60.0000
7 24 -18.0000
7 25 -44.0000
7 26 8.0000
7 27 61.0000
7 28 35.0000
7 29 -50.0000
7 30 -32.0000
7 31 34.0000
7 32 -20.0000
7 33 -81.0000
7 34 39.0000
7 35 15.0000
7 36 27.0000
7 37 48.0000
7 39 -77.0000
8 0 -5.0000
8 1 60.0000
8 2 -17.0000
8 3 -38.0000
8 4 35.0000
8 5 -12.0000
8 6 -96.0000
8 7 -34.0000
8 8 -98.0000
8 9 -97.0000
8 10 -69.0000
8 11 10.0000
8 12 9.0000
8 13 28.0000
8 14 52.0000
8 15 21.0000
8 16 -1.0000
8 17 24.0000
8 18 6.0000
8 19 -37.0000
8 20 47.0000
8 21 -61.0000
8 22 -47.0000
8 23 -42.0000
8 24 -5.0000
8 25 60.0000
8 26 -51.0000
8 27 -41.0000
8 28 -60.0000
8 29 16.0000
8 30 -78.0000
8 31 18.0000
8 32 34.0000
8 33 61.0000
8 34 -36.0000
8 35 -8.0000
8 36 38.0000
8 37 62.0000
8 38 13.0000
8 39 40.0000
9 0 -18.0000
9 1 53.0000
9 2 -88.0000
9 3 -22.0000
9 4 -91.0000
9 5 -9.0000
9 6 17.0000
9 7 -75.0000
9 8 -97.0000
9 9 65.0000
9 10 44.0000
9 11 -19.0000
9 12 3.0000
9 13 1.0000
9 14 -37.0000
9 15 -45.0000
9 16 -71.0000
9 17 -83.0000
9 18 60.0000
9 19 -8.0000
9 20 63.0000
9 21 -71.0000
9 22 43.0000
9 23 -50.0000
9 24 22.0000
9 25 33.0000
9 26 -1.0000
9 27 -89.0000
9 28 -98.0000
9 29 -56.0000
9 30 -67.0000
9 31 19.0000
9 32 -93.0000
9 33 -77.0000
9 34 -87.0000
9 35 -1.0000
9 36 61.0000
9 37 -95.0000
9 38 -59.0000
9 39 31.0000
10 0 61.0000
10 1 -90.0000
10 2 60.0000
10 3 -87.0000
10 4 -75.0000
10 5 15.0000
10 6 26.0000
10 7 -25.0000
10 8 -69.0000
10 9 44.0000
10 10 69.0000
10 11 -85.0000
10 12 -59.0000
10 13 2.0000
10 14 15.0000
10 15 3.0000
10 16 56.0000
10 17 44.0000
10 18 19.0000
10 19 46.0000
10 20 -34.0000
10 21 11.0000
10 22 -95.0000
10 23 -62.0000
10 24 61.0000
10 25 26.0000
10 26 70.0000
10 27 -11.0000
10 28 37.0000
10 29 -98.0000
10 30 32.0000
10 31 69.0000
10 32 20.0000
10 33 38.0000
10 34 -79.0000
10 35 33.0000
10 36 -33.0000
10 37 -88.0000
10 38 37.0000
10 39 7.0000
11 0 -14.0000
11 1 32.0000
11 2 -73.0000
11 3 44.0000
11 4 -29.0000
11 5 68.0000
11 6 -84.0000
11 7 -91.0000
11 8 10.0000
11 9 -19.0000
11 10 -85.0000
11 11 42.0000
11 12 36.0000
11 13 21.0000
11 14 -87.0000
11 15 -31.0000
11 16 -33.0000
11 17 15.0000
11 18 -45.0000
11 19 -60.0000
11 20 -35.0000
11 21 -70.0000
11 22 4.0000
11 23 -95.0000
11 24 -66.0000
11 25 42.0000
11 26 66.0000
11 27 60.0000
11 28 41.0000
11 29 -15.0000
11 30 26.0000
11 31 42.0000
11 32 -54.0000
11 33 25.0000
11 34 -7.0000
11 35 -86.0000
11 36 45.0000
11 37 -44.0000
11 38 -20.0000
11 39 57.0000
12 0 -57.0000
12 1 -75.0000
12 2 -73.0000
12 3 -81.0000
12 4 25.0000
12 5 10.0000
12 6 -8.0000
12 7 8.0000
12 8 9.0000
12 9 3.0000
12 10 -59.0000
12 11 36.0000
12 12 -77.0000
12 13 -84.0000
12 14 29.0000
12 15 58.0000
12 16 37.0000
12 17 41.0000
12 18 -43.0000
12 19 -67.0000
12 20 -13.0000
12 21 10.0000
12 22 -28.0000
12 23 50.0000
12 24 39.0000
12 25 -94.0000
12 26 55.0000
12 27 -97.0000
12 28 47.0000
12 29 51.0000
12 30 63.0000
12 31 18.0000
12 32 -34.0000
12 33 18.0000
12 34 -9.0000
12 35 10.0000
12 36 -27.0000
12 37 -87.0000
12 38 24.0000
12 39 -52.0000
13 0 7.0000
13 1 21.0000
13 2 -83.0000
13 3 -86.0000
13 4 67.0000
13 5 38.0000
13 6 13.0000
13 7 6.0000
13 8 28.0000
13 9 1.0000
13 10 2.0000
13 11 21.0000
13 12 -84.0000
13 13 -31.0000
13 14 -66.0000
13 15 -65.0000
13 16 -9.0000
13 17 -50.0000
13 18 63.0000
13 19 -21.0000
13 20 -84.0000
13 21 33.0000
13 22 34.0000
13 23 -51.0000
13 24 -50.0000
13 25 -26.0000
13 26 19.0000
13 27 -70.0000
13 28 -57.0000
13 29 25.0000
13 30 -85.0000
13 31 -54.0000
13 32 2.0000
13 33 65.0000
13 34 -62.0000
13 35 -49.0000
13 36 -40.0000
13 37 56.0000
13 38 41.0000
13 39 70.0000
14 0 -63.0000
14 1 -86.0000
14 2 -11.0000
14 3 -15.0000
14 4 -31.0000
14 5 -87.0000
14 6 -15.0000
14 7 -2.0000
14 8 52.0000
14 9 -37.0000
14 10 15.0000
14 11 -87.0000
14 12 29.0000
14 13 -66.0000
14 14 -41.0000
14 15 53.0000
14 16 24.0000
14 17 6.0000
14 18 -48.0000
14 19 57.0000
14 20 40.0000
14 21 41.0000
14 22 -63.0000
14 23 32.0000
14 24 -51.0000
14 25 -48.0000
14 26 -4.0000
14 27 -87.0000
14 29 45.0000
14 30 -13.0000
14 31 -51.0000
14 32 -96.0000
14 33 29.0000
14 34 -96.0000
14 35 -82.0000
14 36 -96.0000
14 37 5.0000
14 38 -87.0000
14 39 -58.0000
15 0 4.0000
15 1 33.0000
15 2 -80.0000
15 3 -80.0000
15 4 -18.0000
15 5 44.0000
15 6 -68.0000
15 7 -58.0000
15 8 21.0000
15 9 -45.0000
15 10 3.0000
15 11 -31.0000
15 12 58.0000
15 13 -65.0000
15 14 53.0000
15 15 56.0000
15 16 -27.0000
15 17 -72.0000
15 18 26.0000
15 19 -27.0000
15 20 -14.0000
15 21 9.0000
15 22 -74.0000
15 23 -78.0000
15 24 60.0000
15 25 -88.0000
15 26 61.0000
15 27 30.0000
15 28 -52.0000
15 29 23.0000
15 30 -91.0000
15 32 -51.0000
15 33 -78.0000
15 34 -71.0000
15 35 -77.0000
15 36 7.0000
15 37 -23.0000
15 38 -73.0000
15 39 -33.0000
16 0 68.0000
16 1 33.0000
16 2 -51.0000
16 3 6.0000
16 4 -80.0000
16 5 58.0000
16 6 -10.0000
16 7 -87.0000
16 8 -1.0000
16 9 -71.0000
16 10 56.0000
16 11 -33.0000
16 12 37.0000
16 13 -9.0000
16 14 24.0000
16 15 -27.0000
16 16 -19.0000
16 17 -55.0000
16 18 -29.0000
16 19 -85.0000
16 20 -42.0000
16 21 11.0000
16 22 70.0000
16 23 29.0000
16 24 39.0000
16 25 26.0000
16 26 -69.0000
16 27 -45.0000
16 28 -35.0000
16 29 -44.0000
16 30 -24.0000
16 31 -46.0000
16 32 -32.0000
16 33 -33.0000
16 34 -86.0000
16 35 15.0000
16 36 -81.0000
16 37 -77.0000
16 38 -56.0000
16 39 -32.0000
17 0 40.0000
17 1 -43.0000
17 2 -16.0000
17 3 17.0000
17 4 -77.0000
17 5 -31.0000
17 6 4.0000
17 7 40.0000
17 8 24.0000
17 9 -83.0000
17 10 44.0000
17 11 15.0000
17 12 41.0000
17 13 -50.0000
17 14 6.0000
17 15 -72.0000
17 16 -55.0000
17 17 -56.0000
17 18 -28.0000
17 19 -9.0000
17 20 51.0000
17 21 48.0000
17 22 16.0000
17 23 -53.0000
17 24 -42.0000
17 25 61.0000
17 26 16.0000
17 27 -27.0000
17 28 -52.0000
17 29 -42.0000
17 30 -27.0000
17 31 -94.0000
17 32 -74.0000
17 33 -72.0000
17 34 -63.0000
17 35 -20.0000
17 36 -7.0000
17 37 -7.0000
17 38 55.0000
17 39 45.0000
18 0 54.0000
18 1 15.0000
18 2 11.0000
18 3 42.0000
18 4 -84.0000
18 5 11.0000
18 6 -22.0000
18 7 43.0000
18 8 6.0000
18 9 60.0000
18 10 19.0000
18 11 -45.0000
18 12 -43.0000
18 13 63.0000
18 14 -48.0000
18 15 26.0000
18 16 -29.0000
18 17 -28.0000
18 18 59.0000
18 19 -49.0000
18 20 59.0000
18 21 3.0000
18 22 -30.0000
18 23 -89.0000
18 24 47.0000
18 25 36.0000
18 26 -46.0000
18 27 -52.0000
18 28 -43.0000
18 29 -66.0000
18 30 -74.0000
18 31 -98.0000
18 32 -19.0000
18 33 -16.0000
18 34 62.0000
18 35 -73.0000
18 36 55.0000
18 37 -61.0000
18 38 -15.0000
18 39 -42.0000
19 0 42.0000
19 1 -84.0000
19 2 -99.0000
19 3 69.0000
19 4 -65.0000
19 5 46.0000
19 6 -56.0000
19 7 56.0000
19 8 -37.0000
19 9 -8.0000
19 10 46.0000
19 11 -60.0000
19 12 -67.0000
19 13 -21.0000
19 14 57.0000
19 15 -27.0000
19 16 -85.0000
19 17 -9.0000
19 18 -49.0000
19 19 -55.0000
19 20 10.0000
19 21 -14.0000
19 22 -18.0000
19 23 -80.0000
19 24 -93.0000
19 25 -97.0000
19 26 -96.0000
19 27 52.0000
19 28 61.0000
19 29 -45.0000
19 30 40.0000
19 31 -5.0000
19 32 23.0000
19 33 50.0000
19 34 -29.0000
19 35 -10.0000
19 36 -67.0000
19 37 18.0000
19 38 45.0000
19 39 -33.0000
20 0 -58.0000
20 1 -73.0000
20 2 10.0000
20 3 26.0000
20 4 -79.0000
20 5 -80.0000
20 6 1.0000
20 7 35.0000
20 8 47.0000
20 9 63.0000
20 10 -34.0000
20 11 -35.0000
20 12 -13.0000
20 13 -84.0000
20 14 40.0000
20 15 -14.0000
20 16 -42.0000
20 17 51.0000
20 18 59.0000
20 19 10.0000
20 20 43.0000
20 21 47.0000
20 22 47.0000
20 23 -44.0000
20 24 39.0000
20 25 -97.0000
20 26 -59.0000
20 27 -92.0000
20 28 -12.0000
20 29 -1.0000
20 30 -47.0000
20 31 -73.0000
20 32 -87.0000
20 33 33.0000
20 34 -54.0000
20 35 -80.0000
20 36 35.0000
20 37 -50.0000
20 38 -99.0000
20 39 26.0000
21 0 12.0000
21 1 -38.0000
21 2 -99.0000
21 3 -77.0000
21 4 -44.0000
21 5 -54.0000
21 6 43.0000
21 7 -77.0000
21 8 -61.0000
21 9 -71.0000
21 10 11.0000
21 11 -70.0000
21 12 10.0000
21 13 33.0000
21 14 41.0000
21 15 9.0000
21 16 11.0000
21 17 48.0000
21 18 3.0000
21 19 -14.0000
21 20 47.0000
21 21 3.0000
21 22 40.0000
21 23 -50.0000
21 24 -43.0000
21 25 19.0000
21 26 19.0000
21 27 45.0000
21 28 52.0000
21 29 -33.0000
21 30 20.0000
21 31 -52.0000
21 32 -60.0000
21 33 -2.0000
21 34 -75.0000
21 35 -4.0000
21 36 -34.0000
21 37 -73.0000
21 38 36.0000
21 39 -26.0000
22 0 -47.0000
22 1 63.0000
22 2 -7.0000
22 3 24.0000
22 4 37.0000
22 5 24.0000
22 6 65.0000
22 7 3.0000
22 8 -47.0000
22 9 43.0000
22 10 -95.0000
22 11 4.0000
22 12 -28.0000
22 13 34.0000
22 14 -63.0000
22 15 -74.0000
22 16 70.0000
22 17 16.0000
22 18 -30.0000
22 19 -18.0000
22 20 47.0000
22 21 40.0000
22 22 13.0000
22 23 -36.0000
22 24 25.0000
22 25 40.0000
22 26 -23.0000
22 27 -12.0000
22 28 -85.0000
22 29 -4.0000
22 30 -47.0000
22 31 -35.0000
22 32 -3.0000
22 33 -92.0000
22 34 67.0000
22 35 -34.0000
22 36 -43.0000
22 37 -47.0000
22 38 -85.0000
22 39 -95.0000
23 0 9.0000
23 1 -68.0000
23 2 -67.0000
23 3 4.0000
23 4 59.0000
23 5 68.0000
23 6 -50.0000
23 7 60.0000
23 8 -42.0000
23 9 -50.0000
23 10 -62.0000
23 11 -95.0000
23 12 50.0000
23 13 -51.0000
23 14 32.0000
23 15 -78.0000
23 16 29.0000
23 17 -53.0000
23 18 -89.0000
23 19 -80.0000
23 20 -44.0000
23 21 -50.0000
23 22 -36.0000
23 23 -72.0000
23 24 66.0000
23 25 -28.0000
23 26 48.0000
23 27 -56.0000
23 28 11.0000
23 29 -25.0000
23 30 -32.0000
23 31 -64.0000
23 32 40.0000
23 33 -5.0000
23 34 -99.0000
23 35 -57.0000
23 36 -63.0000
23 37 -35.0000
23 38 68.0000
23 39 -93.0000
24 0 -88.0000
24 1 66.0000
24 2 23.0000
24 3 -84.0000
24 4 22.0000
24 5 -33.0000
24 6 18.0000
24 7 -18.0000
24 8 -5.0000
24 9 22.0000
24 10 61.0000
24 11 -66.0000
24 12 39.0000
24 13 -50.0000
24 14 -51.0000
24 15 60.0000
24 16 39.0000
24 17 -42.0000
24 18 47.0000
24 19 -93.0000
24 20 39.0000
24 21 -43.0000
24 22 25.0000
24 23 66.0000
24 24 41.0000
24 25 -15.0000
24 26 -79.0000
24 27 -33.0000
24 28 36.0000
24 29 -15.0000
24 30 62.0000
24 31 43.0000
24 32 -18.0000
24 33 -43.0000
24 34 -71.0000
24 35 34.0000
24 36 -29.0000
24 37 -66.0000
24 38 61.0000
24 39 -33.0000
25 0 -56.0000
25 1 -7.0000
25 2 -36.0000
25 3 68.0000
25 4 5.0000
25 5 22.0000
25 6 -75.0000
25 7 -44.0000
25 8 60.0000
25 9 33.0000
25 10 26.0000
25 11 42.0000
25 12 -94.0000
25 13 -26.0000
25 14 -48.0000
25 15 -88.0000
25 16 26.0000
25 17 61.0000
25 18 36.0000
25 19 -97.0000
25 20 -97.0000
25 21 19.0000
25 22 40.0000
25 23 -28.0000
25 24 -15.0000
25 25 5.0000
25 26 39.0000
25 27 9.0000
25 28 -54.0000
25 29 -57.0000
25 30 -94.0000
25 31 -19.0000
25 32 -87.0000
25 34 -18.0000
25 35 -44.0000
25 36 37.0000
25 37 46.0000
25 38 -47.0000
25 39 43.0000
26 0 52.0000
26 1 23.0000
26 2 -90.0000
26 3 -59.0000
26 4 48.0000
26 5 19.0000
26 6 -40.0000
26 7 8.0000
26 8 -51.0000
26 9 -1.0000
26 10 70.0000
26 11 66.0000
26 12 55.0000
26 13 19.0000
26 14 -4.0000
26 15 61.0000
26 16 -69.0000
26 17 16.0000
26 18 -46.0000
26 19 -96.0000
26 20 -59.0000
26 21 19.0000
26 22 -23.0000
26 23 48.0000
26 24 -79.0000
26 25 39.0000
26 26 16.0000
26 27 36.0000
26 28 64.0000
26 29 -88.0000
26 30 2.0000
26 31 -22.0000
26 32 -96.0000
26 33 -24.0000
26 34 59.0000
26 35 -40.0000
26 36 4.0000
26 37 22.0000
26 38 30.0000
26 39 38.0000
27 0 -47.0000
27 1 -72.0000
27 2 -48.0000
27 3 2.0000
27 4 48.0000
27 5 45.0000
27 6 22.0000
27 7 61.0000
27 8 -41.0000
27 9 -89.0000
27 10 -11.0000
27 11 60.0000
27 12 -97.0000
27 13 -70.0000
27 14 -87.0000
27 15 30.0000
27 16 -45.0000
27 17 -27.0000
27 18 -52.0000
27 19 52.0000
27 20 -92.0000
27 21 45.0000
27 22 -12.0000
27 23 -56.0000
27 24 -33.0000
27 25 9.0000
27 26 36.0000
27 27 12.0000
27 28 -73.0000
27 29 -27.0000
27 30 -19.0000
27 31 35.0000
27 32 17.0000
27 33 23.0000
27 34 41.0000
27 35 -72.0000
27 36 36.0000
27 37 -29.0000
27 38 9.0000
27 39 -79.0000
28 0 40.0000
28 1 -39.0000
28 2 26.0000
28 3 39.0000
28 4 -79.0000
28 5 -70.0000
28 6 19.0000
28 7 35.0000
28 8 -60.0000
28 9 -98.0000
28 10 37.0000
28 11 41.0000
28 12 47.0000
28 13 -57.0000
28 15 -52.0000
28 16 -35.0000
28 17 -52.0000
28 18 -43.0000
28 19 61.0000
28 20 -12.0000
28 21 52.0000
28 22 -85.0000
28 23 11.0000
28 24 36.0000
28 25 -54.0000
28 26 64.0000
28 27 -73.0000
28 28 -63.0000
28 29 -15.0000
28 30 -27.0000
28 31 -90.0000
28 32 -69.0000
28 33 -61.0000
28 34 -97.0000
28 35 -58.0000
28 36 41.0000
28 37 -19.0000
28 38 -55.0000
28 39 -54.0000
29 0 17.0000
29 1 -8.0000
29 2 49.0000
29 3 -33.0000
29 4 69.0000
29 5 -90.0000
29 6 -19.0000
29 7 -50.0000
29 8 16.0000
29 9 -56.0000
29 10 -98.0000
29 11 -15.0000
29 12 51.0000
29 13 25.0000
29 14 45.0000
29 15 23.0000
29 16 -44.0000
29 17 -42.0000
29 18 -66.0000
29 19 -45.0000
29 20 -1.0000
29 21 -33.0000
29 22 -4.0000
29 23 -25.0000
29 24 -15.0000
29 25 -57.0000
29 26 -88.0000
29 27 -27.0000
29 28 -15.0000
29 29 -31.0000
29 30 4.0000
29 31 50.0000
29 32 -80.0000
29 33 -35.0000
29 34 17.0000
29 35 32.0000
29 36 -9.0000
29 37 -81.0000
29 38 -57.0000
29 39 -44.0000
30 0 47.0000
30 1 -7.0000
30 2 63.0000
30 3 38.0000
30 4 22.0000
30 5 -95.0000
30 6 -19.0000
30 7 -32.0000
30 8 -78.0000
30 9 -67.0000
30 10 32.0000
30 11 26.0000
30 12 63.0000
30 13 -85.0000
30 14 -13.0000
30 15 -91.0000
30 16 -24.0000
30 17 -27.0000
30 18 -74.0000
30 19 40.0000
30 20 -47.0000
30 21 20.0000
30 22 -47.0000
30 23 -32.0000
30 24 62.0000
30 25 -94.0000
30 26 2.0000
30 27 -19.0000
30 28 -27.0000
30 29 4.0000
30 30 36.0000
30 31 66.0000
30 32 -74.0000
30 33 64.0000
30 34 31.0000
30 35 -3.0000
30 36 2.0000
30 37 52.0000
30 38 33.0000
30 39 -83.0000
31 0 -94.0000
31 1 22.0000
31 2 -56.0000
31 3 59.0000
31 4 -20.0000
31 5 -5.0000
31 6 12.0000
31 7 34.0000
31 8 18.0000
31 9 19.0000
31 10 69.0000
31 11 42.0000
31 12 18.0000
31 13 -54.0000
31 14 -51.0000
31 16 -46.0000
31 17 -94.0000
31 18 -98.0000
31 19 -5.0000
31 20 -73.0000
31 21 -52.0000
31 22 -35.0000
31 23 -64.0000
31 24 43.0000
31 25 -19.0000
31 26 -22.0000
31 27 35.0000
31 28 -90.0000
31 29 50.0000
31 30 66.0000
31 31 -46.0000
31 32 42.0000
31 33 -53.0000
31 34 -7.0000
31 35 45.0000
31 36 -12.0000
31 37 -36.0000
31 38 -45.0000
31 39 32.0000
32 0 4.0000
32 1 41.0000
32 2 7.0000
32 3 -74.0000
32 4 -21.0000
32 5 -78.0000
32 6 -22.0000
32 7 -20.0000
32 8 34.0000
32 9 -93.0000
32 10 20.0000
32 11 -54.0000
32 12 -34.0000
32 13 2.0000
32 14 -96.0000
32 15 -51.0000
32 16 -32.0000
32 17 -74.0000
32 18 -19.0000
32 19 23.0000
32 20 -87.0000
32 21 -60.0000
32 22 -3.0000
32 23 40.0000
32 24 -18.0000
32 25 -87.0000
32 26 -96.0000
32 27 17.0000
32 28 -69.0000
32 29 -80.0000
32 30 -74.0000
32 31 42.0000
32 32 8.0000
32 33 22.0000
32 34 -33.0000
32 35 -11.0000
32 36 41.0000
32 37 30.0000
32 38 -65.0000
32 39 3.0000
33 1 48.0000
33 2 -12.0000
33 3 -14.0000
33 4 -39.0000
33 5 28.0000
33 6 70.0000
33 7 -81.0000
33 8 61.0000
33 9 -77.0000
33 10 38.0000
33 11 25.0000
33 12 18.0000
33 13 65.0000
33 14 29.0000
33 15 -78.0000
33 16 -33.0000
33 17 -72.0000
33 18 -16.0000
33 19 50.0000
33 20 33.0000
33 21 -2.0000
33 22 -92.0000
33 23 -5.0000
33 24 -43.0000
33 26 -24.0000
33 27 23.0000
33 28 -61.0000
33 29 -35.0000
33 30 64.0000
33 31 -53.0000
33 32 22.0000
33 33 -49.0000
33 34 -46.0000
33 35 45.0000
33 36 5.0000
33 37 -80.0000
33 38 40.0000
33 39 31.0000
34 0 -8.0000
34 1 -1.0000
34 2 42.0000
34 3 -79.0000
34 4 -70.0000
34 5 64.0000
34 6 -70.0000
34 7 39.0000
34 8 -36.0000
34 9 -87.0000
34 10 -79.0000
34 11 -7.0000
34 12 -9.0000
34 13 -62.0000
34 14 -96.0000
34 15 -71.0000
34 16 -86.0000
34 17 -63.0000
34 18 62.0000
34 19 -29.0000
34 20 -54.0000
34 21 -75.0000
34 22 67.0000
34 23 -99.0000
34 24 -71.0000
34 25 -18.0000
34 26 59.0000
34 27 41.0000
34 28 -97.0000
34 29 17.0000
34 30 31.0000
34 31 -7.0000
34 32 -33.0000
34 33 -46.0000
34 34 -87.0000
34 35 1.0000
34 36 -42.0000
34 37 15.0000
34 38 -17.0000
34 39 -79.0000
35 0 -67.0000
35 1 -37.0000
35 2 -73.0000
35 3 44.0000
35 4 -35.0000
35 5 68.0000
35 6 21.0000
35 7 15.0000
35 8 -8.0000
35 9 -1.0000
35 10 33.0000
35 11 -86.0000
35 12 10.0000
35 13 -49.0000
35 14 -82.0000
35 15 -77.0000
35 16 15.0000
35 17 -20.0000
35 18 -73.0000
35 19 -10.0000
35 20 -80.0000
35 21 -4.0000
35 22 -34.0000
35 23 -57.0000
35 24 34.0000
35 25 -44.0000
35 26 -40.0000
35 27 -72.0000
35 28 -58.0000
35 29 32.0000
35 30 -3.0000
35 31 45.0000
35 32 -11.0000
35 33 45.0000
35 34 1.0000
35 35 31.0000
35 36 36.0000
35 37 63.0000
35 38 -93.0000
35 39 -42.0000
36 0 38.0000
36 1 39.0000
36 2 -64.0000
36 3 -40.0000
36 4 -88.0000
36 5 -10.0000
36 6 -94.0000
36 7 27.0000
36 8 38.0000
36 9 61.0000
36 10 -33.0000
36 11 45.0000
36 12 -27.0000
36 13 -40.0000
36 14 -96.0000
36 15 7.0000
36 16 -81.0000
36 17 -7.0000
36 18 55.0000
36 19 -67.0000
36 20 35.0000
36 21 -34.0000
36 22 -43.0000
36 23 -63.0000
36 24 -29.0000
36 25 37.0000
36 26 4.0000
36 27 36.0000
36 28 41.0000
36 29 -9.0000
36 30 2.0000
36 31 -12.0000
36 32 41.0000
36 33 5.0000
36 34 -42.0000
36 35 36.0000
36 36 37.0000
36 37 -5.0000
36 38 21.0000
36 39 -79.0000
37 0 39.0000
37 1 12.0000
37 2 -79.0000
37 3 -20.0000
37 4 24.0000
37 5 -12.0000
37 6 -63.0000
37 7 48.0000
37 8 62.0000
37 9 -95.0000
37 10 -88.0000
37 11 -44.0000
37 12 -87.0000
37 13 56.0000
37 14 5.0000
37 15 -23.0000
37 16 -77.0000
37 17 -7.0000
37 18 -61.0000
37 19 18.0000
37 20 -50.0000
37 21 -73.0000
37 22 -47.0000
37 23 -35.0000
37 24 -66.0000
37 25 46.0000
37 26 22.0000
37 27 -29.0000
37 28 -19.0000
37 29 -81.0000
37 30 52.0000
37 31 -36.0000
37 32 30.0000
37 33 -80.0000
37 34 15.0000
37 35 63.0000
37 36 -5.0000
37 37 -43.0000
37 38 -40.0000
37 39 43.0000
38 0 -35.0000
38 1 -11.0000
38 2 29.0000
38 3 9.0000
38 4 -30.0000
38 5 -56.0000
38 6 9.0000
38 8 13.0000
38 9 -59.0000
38 10 37.0000
38 11 -20.0000
38 12 24.0000
38 13 41.0000
38 14 -87.0000
38 15 -73.0000
38 16 -56.0000
38 17 55.0000
38 18 -15.0000
38 19 45.0000
38 20 -99.0000
38 21 36.0000
38 22 -85.0000
38 23 68.0000
38 24 61.0000
38 25 -47.0000
38 26 30.0000
38 27 9.0000
38 28 -55.0000
38 29 -57.0000
38 30 33.0000
38 31 -45.0000
38 32 -65.0000
38 33 40.0000
38 34 -17.0000
38 35 -93.0000
38 36 21.0000
38 37 -40.0000
38 38 22.0000
38 39 47.0000
39 0 -37.0000
39 1 28.0000
39 2 18.0000
39 3 20.0000
39 4 47.0000
39 5 -93.0000
39 6 -91.0000
39 7 -77.0000
39 8 40.0000
39 9 31.0000
39 10 7.0000
39 11 57.0000
39 12 -52.0000
39 13 70.0000
39 14 -58.0000
39 15 -33.0000
39 16 -32.0000
39 17 45.0000
39 18 -42.0000
39 19 -33.0000
39 20 26.0000
39 21 -26.0000
39 22 -95.0000
39 23 -93.0000
39 24 -33.0000
39 25 43.0000
39 26 38.0000
39 27 -79.0000
39 28 -54.0000
39 29 -44.0000
39 30 -83.0000
39 31 32.0000
39 32 3.0000
39 33 31.0000
39 34 -79.0000
39 35 -42.0000
39 36 -79.0000
39 37 43.0000
39 38 47.0000
39 39 13.0000
c
40
0 -17.0000
1 -89.0000
2 -53.0000
3 32.0000
4 -35.0000
5 -79.0000
6 -32.0000
7 -16.0000
8 61.0000
9 -71.0000
10 -3.0000
11 -8.0000
12 -13.0000
13 -59.0000
14 -97.0000
15 6.0000
16 -99.0000
17 39.0000
18 -1.0000
19 -92.0000
20 -73.0000
21 -34.0000
22 2.0000
23 47.0000
24 -13.0000
25 58.0000
26 -64.0000
27 -41.0000
28 10.0000
29 -88.0000
30 -98.0000
31 -78.0000
32 -77.0000
33 -52.0000
34 54.0000
35 -13.0000
36 -31.0000
37 -48.0000
38 70.0000
39 -41.0000
D
40
0 0 47.0000
0 1 56.0000
0 2 88.0000
0 3 98.0000
0 4 80.0000
0 5 90.0000
0 6 60.0000
0 7 80.0000
0 8 71.0000
0 9 18.0000
0 10 85.0000
0 11 86.0000
0 12 56.0000
0 13 45.0000
0 14 73.0000
0 15 7.0000
0 16 37.0000
0 17 93.0000
0 18 41.0000
0 19 2.0000
0 20 100.0000
0 21 42.0000
0 22 15.0000
0 23 13.0000
0 24 69.0000
0 25 5.0000
0 26 64.0000
0 27 9.0000
0 28 35.0000
0 29 63.0000
0 30 43.0000
0 31 82.0000
0 32 19.0000
0 33 31.0000
0 34 80.0000
0 35 98.0000
0 36 20.0000
0 37 39.0000
0 38 78.0000
0 39 91.0000
e
1
0 44180.0000
